24.89
24.89
24.89
24.89
24.40
24.89
24.89
24.89
25.38
25.86
26.35
26.35
26.84
26.84
26.84
26.35
26.35
26.35
26.35
25.86
25.86
25.86
25.86
25.38
25.38
25.38
25.38
25.38
25.38
24.40
25.38
24.4
.
24.89
25.38
24.89
.89
24.89
25.86
24.89
24.8
2.89
24.89
24.89
24.89
26.35
25.38
24.89
24.89
24.40
24.89
24.89
24.40
24.89
24.40
24.89
24.40
24.40
24.89
24.40
24.89
24.89
24.89
24.40
24.40
24.89
24.40
24.40
24.40
24.40
24.40
24.40
2.40
23.91
2440
24.89
24.40
24.40
24.40
2
2.40
4.40
24.40
24.40
24.40
24.40
24.40
24.40
24.40
464.
458
24.89
25.38
25.38
24.89
24.89
25.38
24.89
25.38
25.38
25.38
25.38
25.38
25.38
25.38
24.89
25.38
25.38
25.38
24.89
25.38
25.38
25.86
25.38
25.38
25.38
25.38
25.86
25.38
25.38
25.38
25.38
24.89
25.38
25.38
25.38
25.38
25.38
25.38
25.38
25.38
26.35
25.38
25.38
25.38
25.86
25.38
25.38
25.38
25.86
25.86
25.38
25.86
25.86
25.38
25.86
25.38
0.0
0.0
0.0
